"x"
0.00466235516410615
0.0101845491770041
0.0054007898070696
0.00403664137974725
0.00323880746591015
0.021849974203787
0.00375386528142573
0.054001302812941
0.0082053239743769
0.010002643246094
0.02571682672581
0.00481400224133191
0.0191769525031097
0.0286030747912066
0.00295423669779309
0.020568276655186
0.00704717940318777
0.00832777021845967
0.00398167950801335
0.00280286105025691
0.00261603244566037
0.0107121835457423
0.00372189522317607
0.00363188349768765
0.0158395159173875
0.00951003381085203
0.00296697523063086
0.0266786419002445
0.0282183671137738
0.00437814081557195
0.00810116369135096
0.00324616964732459
0.0043978768540501
0.00346073184274181
0.0184662927455209
0.0629098675571221
0.00666002945121839
0.00422978582765683
0.00330876548148205
0.0041050181240058
0.0530487746104752
0.0178061868973621
0.00741403453722806
0.00364972574448445
0.0156860078377764
0.00729521319995092
0.0133783036544538
0.0100420884400267
0.0187097461641189
0.0248762079373877
0.0213384868155006
0.0194122764067598
0.0120749070087795
0.00421189554229802
0.00681730160890317
0.0846548846358856
0.01359890609321
0.0270309096874539
0.00808881894731877
0.00765702403808974
0.00414163767877616
0.00451312426985166
0.00323484089521671
0.0122202599173061
0.0181987146309757
0.00345543725844203
0.00363609096920923
