"x"
0.00374796038196802
0.00707494094656866
0.00384152816328785
0.00499242142860049
0.00324991488059176
0.0285040222318693
0.00560426936615621
0.0601570741858816
0.00470577060576183
0.00539860245507432
0.0198466716373557
0.00450678253938015
0.0267272322698022
0.0431961774341987
0.00493034392445975
0.0241304001008878
0.00442563176439247
0.006748028137372
0.00529718981231526
0.0043059720166368
0.00442494349437488
0.0199909122421173
0.00532177721498211
0.00499354995748214
0.024831926434257
0.0157195088781617
0.00456204891716012
0.0257972720482506
0.0405888717894311
0.00505409966878946
0.010503615308596
0.00431044637928244
0.00582853242668979
0.00586189708264338
0.0293719813842079
0.0836078863020702
0.00380912316394254
0.00586178739660399
0.00591435276989541
0.00477127862442159
0.0830244646401476
0.0202723124402285
0.00933205385978015
0.00452403359502734
0.00615378506624939
0.00405360502685604
0.0170280420256454
0.0138176194165636
0.0253706378615229
0.0328900063666876
0.0282226903193536
0.0273055098758771
0.0148770082556312
0.00589321260036546
0.00398482114366783
0.134085463840887
0.0160209310638393
0.0122042194677575
0.0117916251026076
0.00555449719872618
0.00446414320501087
0.00499555815635879
0.00490482723514374
0.0157995072780989
0.00825912113913117
0.00397886690755388
0.00450624927146969
