"x"
0.00105
0.000797
0.000482
0.00117
0.00579
0.000846
0.000558
0.00518
0.00161
0.000836
0.00241
0.00102
0.000533
0.00573
0.00128
0.00106
0.000184
0.00186
0.000862
0.000681
0.00127
0.00485
0.000657
0.000924
0.00802
0.00488
0.00188
0.00718
0.00252
0.000406
0.0049
0.000511
0.000721
0.00107
0.00156
0.00458
0.000568
0.00147
0.000656
0.000863
0.00441
0.00139
0.00311
0.00196
0.000609
0.000241
0.00657
0.00324
0.00839
0.00112
0.00182
0.00175
0.00543
0.00139
0.000196
0.00438
0.00355
0.00146
0.00503
0.00155
0.00102
0.00102
0.00101
0.00205
0.000603
0.000355
0.000476
