"x"
0.00166
0.00117
0.000821
0.00212
0.00681
0.00137
0.000937
0.00705
0.00246
0.00119
0.00354
0.00191
0.000903
0.00876
0.00221
0.00169
3e-04
0.00239
0.0016
0.00135
0.00226
0.00736
0.00107
0.0018
0.0112
0.00763
0.00299
0.00993
0.00377
0.000757
0.00626
0.000989
0.00117
0.00188
0.00247
0.0061
0.000913
0.00249
0.0011
0.00161
0.00625
0.00247
0.00423
0.00305
0.000808
0.000335
0.00932
0.00448
0.0106
0.00184
0.00297
0.00278
0.00772
0.00259
0.000254
0.00557
0.00424
0.00165
0.00697
0.0021
0.00191
0.00186
0.00165
0.00299
0.000759
0.000599
0.000882
