"x"
0.00140052803548765
0.0032471491571255
0.00317413595745009
0.00307101600574968
0.00220716597045478
0.0107863430302369
0.00395189116211232
0.0122394351327524
0.00206904640332072
-0.000296766752610195
0.0104421134857334
0.00301244808163806
0.0116362319837457
0.00380786701584662
0.00351139661590696
0.00901863604075523
0.00198107155666488
0.00433740690344149
0.00316914781039692
0.00305619056132255
0.00323045150178937
0.006041011601852
0.00393509425640637
0.00277771090513541
0.0102696216210039
0.0030172286660138
0.00346086976503974
0.0122746110540191
0.0102304046053135
0.00295773258628634
0.00953867492415637
0.00303501203747093
0.00385110113470191
0.00353377378090714
0.00516669041605271
0.0102748970823827
0.00231549024436241
0.00359539584733081
0.00396216242576467
0.00314087624858681
0.00792083363423758
0.00564783807019362
0.00563844584152803
0.00638890264997639
0.00312441334833184
0.00257433459810326
0.0100141602469002
0.00770010264822077
0.00576926129601463
0.0115281713293549
0.00725536456445038
0.0104633596330697
0.0106931544207516
0.00287892382319702
0.00300086945414374
0.00789323675686273
0.00297006608886768
0.0136530881937701
0.00862971919856691
0.00304066559862929
0.00296344314548624
0.00315650571461492
0.00359969409518822
0.00294788506753087
0.00561333024691804
0.00323740466567673
0.00316589490720115
