"x"
0.002251607672458
0.0043900449674954
0.00284427902374267
0.00405340905120999
0.00131644096234211
0.0114860277892875
0.0040965334549865
0.0213940127509064
0.00385743446160467
0.00203454644108547
0.00696455413941874
0.00421401232869728
0.0114476080936607
0.0111253299775381
0.00417159982830355
0.0101972309537654
0.00206479981176546
0.00651697987939967
0.00437415167524822
0.00541119575462651
0.00410533950428186
0.0138361812334015
0.00419477740899482
0.00503335884897721
0.0222861361683051
0.00907383823585871
0.00483583738342089
0.0245172426785612
0.0124307279163628
0.00432299199245573
0.0166219018898339
0.00484239438943002
0.00417319238308357
0.00410195023691552
0.00496934161386451
0.00908957720166821
0.00237384354762718
0.00429829348484402
0.004148548236951
0.00437418586700634
0.015039701106558
0.00578956126294216
0.0113966562190232
0.00578568860885592
0.00427249279753195
0.00330794092841964
0.0199749305102789
0.00958817816678802
0.00683881536262867
0.0134259527683227
0.0088357371791702
0.0133259845830606
0.0136329159350141
0.00453969961746035
0.00389464609871487
0.0119111575338321
0.0042479095343724
0.00720800056303438
0.0151693947953677
0.0035209447725019
0.00425187190910178
0.00413863564017557
0.00417936878636786
0.00476748301118832
0.00530904042351583
0.00331510672485011
0.00426488583329657
